50 50 50
3 5 8
2.5 3.1 7.5
4.1 1.1 9.6
8 3.4 7
-3.2 -6.6 -1.8
-8.5 4.7 -2.1
9.6 -3.1 -7.7
3 5 8
2.5 3.1 7.5
4.1 1.1 9.6
8 3.4 7
-3.2 -6.6 -1.8
-8.5 4.7 -2.1
9.6 -3.1 -7.7
3 5 8
2.5 3.1 7.5
4.1 1.1 9.6
8 3.4 7
-3.2 -6.6 -1.8
-8.5 4.7 -2.1
9.6 -3.1 -7.7
3 5 8
2.5 3.1 7.5
4.1 1.1 9.6
8 3.4 7
-3.2 -6.6 -1.8
-8.5 4.7 -2.1
9.6 -3.1 -7.7
3 5 8
2.5 3.1 7.5
4.1 1.1 9.6
8 3.4 7
-3.2 -6.6 -1.8
-8.5 4.7 -2.1
9.6 -3.1 -7.7
0 0 0
0 1 0
0 0 1
1 0 0
-1 0 0
0 -1 0
0 0 -1
1 1 1
1 2 1
1 1 2
2 1 1
-2 1 1
1 -2 1
1 1 -2
2 2 2
2 3 2
2 2 3
3 2 2
-3 2 2
2 -3 2
2 2 -3
3 3 3
3 4 3
3 3 4
4 3 3
-4 3 3
3 -4 3
3 3 -4
4 4 4
4 5 4
4 4 5
5 4 4
-5 4 4
4 -5 4
4 4 -5
5 5 5
5 6 5
5 5 6
6 5 5
-6 5 5
5 -6 5
5 5 -6
6 6 6
6 7 6
6 6 7
7 6 6
-7 6 6
0 -1 0
0 0 -1